0.005
0.00202548
0.00066055
0.0026106
0.00439042
0.00330989
0.0016524
0.00235168
0.00382059
0.00222732
0.00210601
0.00420387
0.00291845
0.00308257
0.00424669
0.00350561
0.00258104
0.00505607
0.00649134
0.0049001
0.0025474
0.00365953
0.000984709
0.00124363
0.00110296
-0.000470948
0.00152396
0.00839348
0.00633843
0.0017421
0.00341182
0.00523751
0.000678899
-0.00284506
-0.00149745
-0.0066371
-0.00728135
0.00311927
0.0102712
0.00648522
0.0012263
0.0022314
0.00257288
0.00967176
0.00714475
-0.00485831
-0.00859123
0.00205097
0.00345621
-0.00123456
0.00456789
-0.00321546
0.00567890
0.00123456
-0.00234567
0.00345678
-0.00178901
0.00456789
0.00234567
-0.00345678
0.00178901
0.00543210
-0.00210987
0.00321098
0.00432109
-0.00109876
0.00210987
-0.00321098
0.00109876
0.00432109
0.00321098
-0.00210987
0.00543210
-0.00178901
0.00345678
-0.00234567
0.00456789
-0.00123456
0.00567890
-0.00321546
0.00456789
0.00123456
-0.00345621
0.00205097
-0.00859123
-0.00485831
0.00714475
0.00967176
0.00257288
0.0022314
0.0012263
0.00648522
0.0102712
0.00311927
-0.00728135
-0.0066371
-0.00149745
-0.00284506
0.000678899
0.00523751
0.00341182
0.0017421
0.00633843
0.00839348
0.00152396
-0.000470948
0.00110296
0.00124363
0.000984709
0.00365953
0.0025474
0.0049001
0.00649134
0.00505607
0.00258104
0.00350561
0.00424669
0.00308257
0.00291845
0.00420387
0.00210601
0.00222732
0.00382059
0.00235168
0.0016524
0.00330989
0.00439042
0.0026106
0.00066055
0.00202548



